Precision:0.037634409	
Recall:0.187739464
